1 1 1000055 : 2081 1192 13 1408 172 1916
1 1 1000069 : 2081 1411
1 1 1000101 : 2001 150 2200 1067 1465
1 1 1000013 : 2081 1192 13 1391
1 1 1000070 : 2081 441 2217 2005 2020 1922 796 1922 801 172 1038
1 2 1000096 : 2002 1192 13 1643 1067 1465
1 1 1000004 : 2081 1192 13 416
1 1 1000073 : 2041 1192 13 1646 6 1922
1 1 1000057 : 2081 1192 13 1372 172 1835
1 2 1000000 : 2080 1812 2000 2017 2088
1 1 1000027 : 2001 150 1192 13 1664 1459 1027 14 1922 15
1 1 1000056 : 2081 1192 13 260 172 1325
1 1 1000042 : 2081 1192 13 416 172 416
1 15 1000021 : 2001 150 2041
1 1 1000063 : 2081 1192 13 1664 172 144
1 1 1000080 : 2001 150 1192 13 224 1027 14 1922 10 1922 15
1 1 1000016 : 2017 973 209 1192
1 1 1000046 : 2081 1192 13 1828 172 2061
1 2 1000089 : 2001 150 1192 13 1411 1027 14 1922 15
1 1 1000082 : 2002 1192 13 1411 1027 14 1922 15 2001
1 2 1000039 : 2041 2130 14 1298 14 1787 14 1192 13 1521 15 15 15 4 1922
1 2 1000033 : 2002 1192 13 282 1459 1027 14 1922 10 1922 10 1922 10 1922 10 1922 10 1922 10 1922 15
1 1 1000060 : 2081 1192 13 90 172 87
1 1 1000061 : 2081 1937 14 1192 13 416 10 1922 10 1922 15 172 363
1 1 1000053 : 2081 1192 13 585 172 2075
1 1 1000051 : 2081 1192 13 1215 172 1888
1 1 1000037 : 2002 1192 13 282 1459 1027 14 1922 10 1922 10 1922 10 1922 10 1922 10 1922 10 1922 10 1922 10 1922 15
1 1 1000048 : 2081 1192 13 1662 172 163
1 2 1000088 : 2041 1192 13 90 5 1922
1 8 1000031 : 2002 14 2005 15
1 1 1000014 : 2081 1192 13 1372
1 1 1000032 : 2002 1192 13 1421 1027 14 1922 10 1922 15 2001
1 1 1000058 : 2081 1937 14 1192 13 1403 10 1922 10 1922 15 172 1430
1 2 1000017 : 2088 2218 2005
1 2 1000076 : 2002 2041 2001 2001 2001 2001 2001 2001
1 1 1000071 : 2002 2041 2001 2001
1 1 1000084 : 2002 1192 13 1411 1027 14 1922 15 2001 2001 2001 2001
1 1 1000092 : 2002 2200 1067 1465
1 1 1000043 : 2081 2076 14 2036 14 1192 13 283 10 1922 15 15 172 2236
1 1 1000083 : 2001 150 1192 13 1664 1459 1027 14 1922 10 1922 10 1922 15
1 1 1000020 : 2041 1192 13 227 7 2038 14 1922 10 1922 15
1 1 1000091 : 2002 2200 1027 14 1922 10 1922 10 1922 15
1 1 1000064 : 2081 1192 13 1617 172 805
1 2 1000095 : 2005 2002 2004 2004 2004
1 2 1000012 : 2081 1192 13 1664
1 1 1000074 : 2041 1192 13 1642 7 1922
1 1 1000086 : 2041 1192 13 1617 5 1922
1 1 1000044 : 2081 2076 14 2036 14 1192 13 283 10 1922 15 15 172 771
1 5 1000025 : 2041 1192 13 1828 7 1922
1 2 1000005 : 2081 1192 13 72
1 1 1000079 : 2001 150 1192 13 1421 1027 14 1922 10 1922 10 1922 15
1 1 1000106 : 2041 1192 13 1372 5 1922
1 6 1000038 : 2002 2041
1 2 1000007 : 2081 2038 14 2036 14 1192 13 283 10 1922 15 10 1922 15 172 283
1 1 1000052 : 2081 1192 13 584 172 1887
1 2 1000015 : 2081 1192 13 1378
1 1 1000102 : 2001 150 2023 1067 1465
1 1 1000026 : 2001 150 1192 13 1378 1027 14 1922 10 1922 10 1922 10 1922 10 1922 10 1922 10 1922 10 1922 10 1922 10 1922 10 1922 10 1922 10 1922 15
1 1 1000036 : 2002 1192 13 1421 1027 14 1922 15 2001
1 1 1000104 : 2001 150 1937 14 416 10 1922 10 1922 15 1027 14 1922 10 1922 10 1922 10 1922 15
1 1 1000087 : 2041 1192 13 82 5 1922
1 1 1000085 : 2041 1192 13 610 5 1922
1 1 1000010 : 2081 1192 13 225
1 1 1000006 : 2081 1192 13 227
1 1 1000045 : 2081 1192 13 2111 172 2111
1 1 1000011 : 2081 1192 13 1617
1 2 1000098 : 2041 1192 13 1646 3 1922
1 1 1000107 : 2001 150 1937 14 1192 13 416 10 1922 10 1922 15 1027 14 1922 10 1922 15
1 1 1000041 : 2000 2081 10 2081 10 2081 10 2081 10 2081 10 2081 10 2081 10 2081 10 2081 10 2081 10 2081 10 2081 10 2081 10 2081 10 2081 10 2081 10 2081 10 2081 10 2081 10 2081 10 2081 10 2081 10 2081 10 2081 10 2081 10 2081 10 2081 10 2081 10 2081 10 2081 10 2081 10 2081
1 2 1000099 : 2041 1192 13 1642 2 1922
1 1 1000103 : 2001 150 440 1067 1465
1 1 1000022 : 2041 1192 13 283 6 2038 14 1922 10 1922 15
1 18 1000034 : 2004 1525 2002
1 1 1000065 : 2081 1192 13 1381 172 1397
1 1 1000081 : 2005 2002 2004 2004 2004 2004
1 1 1000100 : 2041 1192 13 1828 2 1922
1 1 1000059 : 2081 1937 14 1192 13 127 10 1922 10 1922 15 172 639
1 1 1000024 : 2041 1192 13 621 5 1922
1 1 1000008 : 2081 2036 14 1192 13 227 10 1922 15 172 1225
1 1 1000023 : 2001 150 1192 13 1617 1027 14 1922 10 1922 15
1 2 1000090 : 2001 150 1381 1027 14 1922 15
1 1 1000009 : 2081 2036 14 1192 13 283 10 1922 15 172 1228
1 1 1000002 : 2081 2036 14 235 15 172 235
1 1 1000049 : 2081 1192 13 224 172 212
1 3 1000035 : 2002 1192 13 282 1067 1465
1 1 1000068 : 2081 1843
1 1 1000028 : 2001 150 1192 13 1372 1459 1027 14 1922 15
1 8 1000030 : 2005 2002 2004
1 1 1000001 : 2000 2081 10 2081 10 2081 10 2081 10 2081 10 2081 10 2081 10 2081 10 2081 10 2081 10 2081 10 2081 10 2081 10 2081 10 2081
1 2 1000097 : 2002 1192 13 1643 1459 1027 14 1922 15
1 1 1000054 : 2081 1192 13 1227 172 1630
1 1 1000075 : 2017 973 197 1192
1 1 1000094 : 2002 440 1067 1465
1 11 1000029 : 2001 150 14 2005 15
1 1 1000067 : 2081 1192 13 2023 172 968
1 1 1000066 : 2081 1192 13 440 172 942
1 1 1000047 : 2081 1192 13 125 172 2175
1 2 1000040 : 2002 2130 14 1298 14 1787 14 1192 13 1521 15 15 15 1067 1465
1 1 1000050 : 2081 1192 13 275 172 842
1 1 1000062 : 2081 1192 13 1391 172 1743
1 1 1000093 : 2002 440 1027 14 1922 15
1 1 1000077 : 2041 1192 13 227 7 14 2076 14 1955 15 15
1 2 1000019 : 2002 2041 2001 2001 2001 2001 2001 2001 2001 2001 2001
1 1 1000003 : 2081 2036 14 242 15 172 242
1 1 1000072 : 2041 1192 13 1643 5 1922
1 1 1000108 : 2041 1192 13 1378 5 1922
1 1 1000105 : 2002 2041 2001 2001 2001
1 11 1000018 : 2005 2002
1 1 1000078 : 2041 1192 13 283 6 1955 9 14 1922 12 1922 15
2 1 2000023 : 1000041 1000042 10 1000005 10 1000007 10 1000043 10 1000044 10 1000045 10 1000046 10 1000047 10 1000048 10 1000049 10 1000050 10 1000051 10 1000052 10 1000053 10 1000054 10 1000055 10 1000056 10 1000057 10 1000058 10 1000059 10 1000060 10 1000061 10 1000062 10 1000063 10 1000064 10 1000065 10 1000066 10 1000067 10 1000068 10 1000069 10 1000015 10 1000070
2 2 2000052 : 1000038 1000099
2 2 2000051 : 1000038 1000098
2 2 2000047 : 1000029 150 14 1000095 15
2 1 2000017 : 1000036 1192 13 1421 1027 14 1922 15 1000029
2 1 2000057 : 1000021 150 1000108
2 1 2000035 : 1000018 1000082
2 1 2000012 : 1000032 1192 13 1421 1027 14 1922 10 1922 15 1000029
2 1 2000055 : 1000018 1000105
2 1 2000054 : 1000021 150 1000100
2 1 2000037 : 1000018 1000084
2 1 2000028 : 1000021 150 1000073
2 2 2000019 : 1000030 1000038 1000034
2 1 2000029 : 1000021 150 1000074
2 8 2000008 : 1000029 150 14 1000030 15
2 1 2000032 : 1000021 150 1000078
2 1 2000031 : 1000076 1000077 1000021 1000079 1000029 1000029 1000080 1000029
2 1 2000034 : 1000081 1000031 1000034 1000034 1000034 1000034
2 1 2000042 : 1000076 1000088 1000089 1000090 1000021 1000029 1000029 1000029
2 1 2000009 : 1000030 1000031 1000034
2 1 2000018 : 1000030 1000037 1000034
2 1 2000011 : 1000018 1000032
2 2 2000048 : 1000095 1000096 1000034 1000034 1000034
2 1 2000026 : 1000018 1000071
2 1 2000016 : 1000018 1000036
2 8 2000010 : 1000031 14 1000018 15
2 4 2000050 : 1000034 1525 1000038
2 3 2000014 : 1000034 1525 1000035
2 1 2000039 : 1000021 150 1000085
2 2 2000030 : 1000018 1000076
2 1 2000040 : 1000021 150 1000086
2 1 2000022 : 1000000 1812 1000041 1000075 1000017
2 5 2000015 : 1000034 1525 1000031
2 1 2000041 : 1000021 150 1000087
2 1 2000056 : 1000105 1000106 1000107 1000021 1000021
2 1 2000025 : 1000018 1000031
2 2 2000049 : 1000034 1525 1000097
2 1 2000005 : 1000021 150 1000022
2 1 2000046 : 1000034 1525 1000094
2 1 2000006 : 1000021 150 1000024
2 1 2000043 : 1000030 1000091 1000034
2 1 2000027 : 1000071 1000072 1000021 1000021
2 2 2000002 : 1000017 2218 1000018
2 2 2000013 : 1000030 1000033 1000034
2 1 2000053 : 1000019 1000088 1000089 1000090 1000021 1000021 1000101 1000102 1000103 1000104 1000029
2 1 2000000 : 1000000 1812 1000001 1000016 1000017
2 1 2000036 : 1000082 1192 13 1411 1027 14 1922 15 1000083
2 1 2000045 : 1000030 1000093 1000034
2 5 2000007 : 1000021 150 1000025
2 2 2000021 : 1000034 1525 1000040
2 1 2000001 : 1000001 1000002 10 1000003 10 1000004 10 1000005 10 1000006 10 1000007 10 1000008 10 1000009 10 1000010 10 1000011 10 1000012 10 1000013 10 1000012 10 1000014 10 1000015
2 2 2000003 : 1000018 1000019
2 1 2000038 : 1000084 1192 13 1411 1027 14 1922 15 1000021 1000021 1000021 1000021
2 1 2000004 : 1000019 1000020 1000021 1000023 1000021 1000021 1000026 1000027 1000028 1000029 1000029
2 2 2000020 : 1000038 1000039
2 1 2000033 : 1000029 150 14 1000081 15
2 1 2000044 : 1000034 1525 1000092
2 1 2000024 : 1000070 441 2217 1000018 2020 1922 796 1922 801 172 1038
3 1 3000005 : 2000009 2000010 2000015
3 1 3000051 : 2000055 2000056
3 2 3000009 : 2000008 150 14 2000013 15
3 5 3000011 : 2000015 1525 2000010
3 1 3000028 : 2000031 1000077 2000032 1000079 2000008 2000008 1000080 2000033
3 2 3000044 : 2000048 1000096 2000049 2000050 2000050
3 2 3000018 : 2000019 2000020 2000021
3 1 3000002 : 2000003 2000004
3 1 3000019 : 2000022 1812 2000023 1000075 2000002
3 1 3000033 : 2000010 14 2000037 15
3 1 3000036 : 2000010 14 2000030 15
3 2 3000010 : 2000013 1000033 2000014
3 1 3000004 : 2000008 150 14 2000009 15
3 1 3000026 : 2000002 2218 2000030
3 1 3000030 : 2000034 2000010 2000015 2000015 2000015 2000015
3 1 3000034 : 2000037 2000038
3 1 3000027 : 2000030 2000031
3 1 3000003 : 2000004 1000020 2000005 1000023 2000006 2000007 1000026 1000027 1000028 2000008 2000008
3 1 3000006 : 2000010 14 2000011 15
3 1 3000047 : 2000010 14 2000003 15
3 1 3000012 : 2000010 14 2000016 15
3 1 3000001 : 2000002 2218 2000003
3 1 3000035 : 2000038 1192 13 1411 1027 14 1922 15 2000039 2000040 2000007 2000041
3 2 3000045 : 2000050 1525 2000051
3 1 3000048 : 2000003 2000053
3 1 3000013 : 2000016 2000017
3 2 3000046 : 2000050 1525 2000052
3 1 3000020 : 2000023 1000042 10 1000005 10 1000007 10 1000043 10 1000044 10 1000045 10 1000046 10 1000047 10 1000048 10 1000049 10 1000050 10 1000051 10 1000052 10 1000053 10 1000054 10 1000055 10 1000056 10 1000057 10 1000058 10 1000059 10 1000060 10 1000061 10 1000062 10 1000063 10 1000064 10 1000065 10 1000066 10 1000067 10 1000068 10 1000069 10 1000015 10 2000024
3 1 3000014 : 2000017 1192 13 1421 1027 14 1922 15 2000008
3 1 3000032 : 2000035 2000036
3 1 3000031 : 2000010 14 2000035 15
3 1 3000023 : 2000010 14 2000026 15
3 1 3000022 : 2000025 2000010
3 1 3000000 : 2000000 1812 2000001 1000016 2000002
3 1 3000025 : 2000027 1000072 2000028 2000029
3 1 3000037 : 2000030 2000042
3 1 3000039 : 2000008 150 14 2000043 15
3 2 3000043 : 2000047 150 14 2000048 15
3 1 3000024 : 2000026 2000027
3 1 3000040 : 2000043 1000091 2000044
3 1 3000021 : 2000024 441 2217 2000025 2020 1922 796 1922 801 172 1038
3 1 3000016 : 2000018 1000037 2000014
3 1 3000049 : 2000053 1000088 1000089 1000090 2000007 2000054 1000101 1000102 1000103 1000104 2000047
3 1 3000038 : 2000042 1000088 1000089 1000090 2000007 2000008 2000008 2000047
3 1 3000008 : 2000012 1192 13 1421 1027 14 1922 10 1922 15 2000008
3 1 3000050 : 2000010 14 2000055 15
3 1 3000052 : 2000056 1000106 1000107 2000057 2000007
3 1 3000029 : 2000033 150 14 2000034 15
3 1 3000015 : 2000008 150 14 2000018 15
3 1 3000007 : 2000011 2000012
3 2 3000017 : 2000008 150 14 2000019 15
3 1 3000041 : 2000008 150 14 2000045 15
3 1 3000042 : 2000045 1000093 2000046
4 1 4000006 : 3000006 14 3000007 15
4 1 4000041 : 3000048 3000049
4 1 4000005 : 3000005 3000006 3000011
4 1 4000034 : 3000038 1000088 1000089 1000090 2000007 3000039 3000041 3000043
4 1 4000030 : 3000034 3000035
4 1 4000033 : 3000037 3000038
4 1 4000000 : 3000000 1812 2000001 1000016 3000001
4 1 4000024 : 3000028 1000077 2000032 1000079 3000009 3000017 1000080 3000029
4 1 4000012 : 3000013 3000014
4 1 4000044 : 3000050 14 3000051 15
4 1 4000029 : 3000033 14 3000034 15
4 2 4000009 : 3000009 150 14 3000010 15
4 1 4000025 : 3000029 150 14 3000030 15
4 1 4000021 : 3000024 3000025
4 1 4000036 : 3000041 150 14 3000042 15
4 1 4000023 : 3000027 3000028
4 1 4000039 : 3000011 1525 3000047
4 1 4000022 : 3000026 2218 3000027
4 1 4000045 : 3000051 3000052
4 1 4000018 : 3000021 441 2217 3000022 2020 1922 796 1922 801 172 1038
4 1 4000004 : 3000004 150 14 3000005 15
4 2 4000037 : 3000043 150 14 3000044 15
4 1 4000014 : 3000015 150 14 3000016 15
4 1 4000016 : 3000019 1812 3000020 1000075 3000026
4 1 4000008 : 3000008 1192 13 1421 1027 14 1922 10 1922 15 3000009
4 2 4000015 : 3000017 150 14 3000018 15
4 1 4000042 : 3000049 1000088 1000089 1000090 2000007 2000054 1000101 1000102 1000103 1000104 3000043
4 1 4000001 : 3000001 2218 3000002
4 1 4000013 : 3000014 1192 13 1421 1027 14 1922 15 3000015
4 1 4000026 : 3000030 3000031 3000011 3000011 3000011 3000011
4 1 4000003 : 3000003 1000020 2000005 1000023 2000006 2000007 1000026 1000027 1000028 3000004 3000017
4 1 4000020 : 3000023 14 3000024 15
4 1 4000032 : 3000036 14 3000037 15
4 1 4000028 : 3000011 1525 3000033
4 1 4000011 : 3000012 14 3000013 15
4 1 4000043 : 3000011 1525 3000050
4 1 4000035 : 3000039 150 14 3000040 15
4 1 4000017 : 3000020 1000042 10 1000005 10 1000007 10 1000043 10 1000044 10 1000045 10 1000046 10 1000047 10 1000048 10 1000049 10 1000050 10 1000051 10 1000052 10 1000053 10 1000054 10 1000055 10 1000056 10 1000057 10 1000058 10 1000059 10 1000060 10 1000061 10 1000062 10 1000063 10 1000064 10 1000065 10 1000066 10 1000067 10 1000068 10 1000069 10 1000015 10 3000021
4 1 4000010 : 3000011 1525 3000012
4 1 4000040 : 3000047 14 3000048 15
4 1 4000019 : 3000022 3000023
4 1 4000031 : 3000011 1525 3000036
4 2 4000038 : 3000044 1000096 2000049 3000045 3000046
4 1 4000007 : 3000007 3000008
4 1 4000027 : 3000031 14 3000032 15
4 1 4000002 : 3000002 3000003
5 1 5000004 : 4000004 150 14 4000005 15
5 1 5000003 : 4000003 1000020 2000005 1000023 2000006 2000007 1000026 1000027 1000028 4000004 4000015
5 1 5000002 : 4000002 4000003
5 1 5000017 : 4000020 14 4000021 15
5 1 5000034 : 4000043 1525 4000044
5 1 5000014 : 4000017 1000042 10 1000005 10 1000007 10 1000043 10 1000044 10 1000045 10 1000046 10 1000047 10 1000048 10 1000049 10 1000050 10 1000051 10 1000052 10 1000053 10 1000054 10 1000055 10 1000056 10 1000057 10 1000058 10 1000059 10 1000060 10 1000061 10 1000062 10 1000063 10 1000064 10 1000065 10 1000066 10 1000067 10 1000068 10 1000069 10 1000015 10 4000018
5 1 5000021 : 4000025 150 14 4000026 15
5 1 5000025 : 4000031 1525 4000032
5 1 5000008 : 4000008 1192 13 1421 1027 14 1922 10 1922 15 4000009
5 1 5000015 : 4000018 441 2217 4000019 2020 1922 796 1922 801 172 1038
5 1 5000028 : 4000034 1000088 1000089 1000090 2000007 4000035 4000036 4000037
5 1 5000024 : 4000029 14 4000030 15
5 1 5000032 : 4000041 4000042
5 1 5000006 : 4000006 14 4000007 15
5 1 5000005 : 4000005 4000006 4000010
5 1 5000030 : 4000039 1525 4000040
5 1 5000001 : 4000001 2218 4000002
5 1 5000031 : 4000040 14 4000041 15
5 1 5000020 : 4000024 1000077 2000032 1000079 4000009 4000015 1000080 4000025
5 1 5000011 : 4000012 4000013
5 1 5000018 : 4000022 2218 4000023
5 1 5000035 : 4000044 14 4000045 15
5 1 5000022 : 4000026 4000027 4000028 4000031 4000039 4000043
5 1 5000009 : 4000010 1525 4000011
5 1 5000013 : 4000016 1812 4000017 1000075 4000022
5 1 5000016 : 4000019 4000020
5 1 5000010 : 4000011 14 4000012 15
5 1 5000012 : 4000013 1192 13 1421 1027 14 1922 15 4000014
5 1 5000007 : 4000007 4000008
5 1 5000023 : 4000028 1525 4000029
5 1 5000027 : 4000033 4000034
5 1 5000026 : 4000032 14 4000033 15
5 2 5000029 : 4000037 150 14 4000038 15
5 1 5000033 : 4000042 1000088 1000089 1000090 2000007 2000054 1000101 1000102 1000103 1000104 4000037
5 1 5000000 : 4000000 1812 2000001 1000016 4000001
5 1 5000019 : 4000023 4000024
6 1 6000021 : 5000025 1525 5000026
6 1 6000015 : 5000018 2218 5000019
6 1 6000010 : 5000011 5000012
6 1 6000005 : 5000005 5000006 5000009
6 1 6000022 : 5000026 14 5000027 15
6 1 6000012 : 5000014 1000042 10 1000005 10 1000007 10 1000043 10 1000044 10 1000045 10 1000046 10 1000047 10 1000048 10 1000049 10 1000050 10 1000051 10 1000052 10 1000053 10 1000054 10 1000055 10 1000056 10 1000057 10 1000058 10 1000059 10 1000060 10 1000061 10 1000062 10 1000063 10 1000064 10 1000065 10 1000066 10 1000067 10 1000068 10 1000069 10 1000015 10 5000015
6 1 6000016 : 5000019 5000020
6 1 6000003 : 5000003 1000020 2000005 1000023 2000006 2000007 1000026 1000027 1000028 5000004 4000015
6 1 6000028 : 5000033 1000088 1000089 1000090 2000007 2000054 1000101 1000102 1000103 1000104 5000029
6 1 6000014 : 5000016 5000017
6 1 6000011 : 5000013 1812 5000014 1000075 5000018
6 1 6000024 : 5000028 1000088 1000089 1000090 2000007 4000035 4000036 5000029
6 1 6000019 : 5000022 4000027 5000023 5000025 5000030 5000034
6 1 6000001 : 5000001 2218 5000002
6 1 6000004 : 5000004 150 14 5000005 15
6 1 6000007 : 5000007 5000008
6 1 6000020 : 5000023 1525 5000024
6 1 6000023 : 5000027 5000028
6 1 6000017 : 5000020 1000077 2000032 1000079 4000009 4000015 1000080 5000021
6 1 6000025 : 5000030 1525 5000031
6 1 6000018 : 5000021 150 14 5000022 15
6 1 6000000 : 5000000 1812 2000001 1000016 5000001
6 1 6000008 : 5000009 1525 5000010
6 1 6000026 : 5000031 14 5000032 15
6 1 6000009 : 5000010 14 5000011 15
6 1 6000013 : 5000015 441 2217 5000016 2020 1922 796 1922 801 172 1038
6 1 6000006 : 5000006 14 5000007 15
6 1 6000002 : 5000002 5000003
6 1 6000027 : 5000032 5000033
6 1 6000029 : 5000034 1525 5000035
7 1 7000014 : 6000017 1000077 2000032 1000079 4000009 4000015 1000080 6000018
7 1 7000002 : 6000002 6000003
7 1 7000017 : 6000021 1525 6000022
7 1 7000005 : 6000005 6000006 6000008
7 1 7000020 : 6000025 1525 6000026
7 1 7000009 : 6000011 1812 6000012 1000075 6000015
7 1 7000000 : 6000000 1812 2000001 1000016 6000001
7 1 7000019 : 6000023 6000024
7 1 7000018 : 6000022 14 6000023 15
7 1 7000011 : 6000013 441 2217 6000014 2020 1922 796 1922 801 172 1038
7 1 7000013 : 6000016 6000017
7 1 7000015 : 6000018 150 14 6000019 15
7 1 7000010 : 6000012 1000042 10 1000005 10 1000007 10 1000043 10 1000044 10 1000045 10 1000046 10 1000047 10 1000048 10 1000049 10 1000050 10 1000051 10 1000052 10 1000053 10 1000054 10 1000055 10 1000056 10 1000057 10 1000058 10 1000059 10 1000060 10 1000061 10 1000062 10 1000063 10 1000064 10 1000065 10 1000066 10 1000067 10 1000068 10 1000069 10 1000015 10 6000013
7 1 7000006 : 6000006 14 6000007 15
7 1 7000016 : 6000019 4000027 6000020 6000021 6000025 6000029
7 1 7000012 : 6000015 2218 6000016
7 1 7000008 : 6000009 14 6000010 15
7 1 7000004 : 6000004 150 14 6000005 15
7 1 7000021 : 6000026 14 6000027 15
7 1 7000007 : 6000008 1525 6000009
7 1 7000003 : 6000003 1000020 2000005 1000023 2000006 2000007 1000026 1000027 1000028 6000004 4000015
7 1 7000001 : 6000001 2218 6000002
7 1 7000022 : 6000027 6000028
8 1 8000015 : 7000018 14 7000019 15
8 1 8000012 : 7000015 150 14 7000016 15
8 1 8000016 : 7000020 1525 7000021
8 1 8000014 : 7000017 1525 7000018
8 1 8000005 : 7000005 7000006 7000007
8 1 8000008 : 7000010 1000042 10 1000005 10 1000007 10 1000043 10 1000044 10 1000045 10 1000046 10 1000047 10 1000048 10 1000049 10 1000050 10 1000051 10 1000052 10 1000053 10 1000054 10 1000055 10 1000056 10 1000057 10 1000058 10 1000059 10 1000060 10 1000061 10 1000062 10 1000063 10 1000064 10 1000065 10 1000066 10 1000067 10 1000068 10 1000069 10 1000015 10 7000011
8 1 8000003 : 7000003 1000020 2000005 1000023 2000006 2000007 1000026 1000027 1000028 7000004 4000015
8 1 8000009 : 7000012 2218 7000013
8 1 8000000 : 7000000 1812 2000001 1000016 7000001
8 1 8000011 : 7000014 1000077 2000032 1000079 4000009 4000015 1000080 7000015
8 1 8000017 : 7000021 14 7000022 15
8 1 8000002 : 7000002 7000003
8 1 8000006 : 7000007 1525 7000008
8 1 8000007 : 7000009 1812 7000010 1000075 7000012
8 1 8000013 : 7000016 4000027 6000020 7000017 7000020 6000029
8 1 8000001 : 7000001 2218 7000002
8 1 8000004 : 7000004 150 14 7000005 15
8 1 8000010 : 7000013 7000014
9 1 9000007 : 8000009 2218 8000010
9 1 9000001 : 8000001 2218 8000002
9 1 9000002 : 8000002 8000003
9 1 9000006 : 8000007 1812 8000008 1000075 8000009
9 1 9000008 : 8000010 8000011
9 1 9000005 : 8000005 7000006 8000006
9 1 9000010 : 8000012 150 14 8000013 15
9 1 9000012 : 8000014 1525 8000015
9 1 9000013 : 8000016 1525 8000017
9 1 9000011 : 8000013 4000027 6000020 8000014 8000016 6000029
9 1 9000000 : 8000000 1812 2000001 1000016 8000001
9 1 9000009 : 8000011 1000077 2000032 1000079 4000009 4000015 1000080 8000012
9 1 9000003 : 8000003 1000020 2000005 1000023 2000006 2000007 1000026 1000027 1000028 8000004 4000015
9 1 9000004 : 8000004 150 14 8000005 15
10 1 10000009 : 9000010 150 14 9000011 15
10 1 10000010 : 9000011 4000027 6000020 9000012 9000013 6000029
10 1 10000005 : 9000006 1812 8000008 1000075 9000007
10 1 10000008 : 9000009 1000077 2000032 1000079 4000009 4000015 1000080 9000010
10 1 10000004 : 9000004 150 14 9000005 15
10 1 10000000 : 9000000 1812 2000001 1000016 9000001
10 1 10000003 : 9000003 1000020 2000005 1000023 2000006 2000007 1000026 1000027 1000028 9000004 4000015
10 1 10000002 : 9000002 9000003
10 1 10000001 : 9000001 2218 9000002
10 1 10000006 : 9000007 2218 9000008
10 1 10000007 : 9000008 9000009
